1443237419853
9
15
32
46
31
75
14
33
46
30
29
30
30
33
44
32
30
30
31
45
31
30
31
31
30
46
30
28
31
61
47
31
31
30
27
46
30
30
30
31
30
47
30
30
30
30
46
30
30
31
31
30
30
46
31
29
31
31
76
30
30
47
15
45
14
46
31
31
31
46
30
30
78
14
46
30
30
31
31
44
16
46
31
28
32
31
76
30
31
30
46
30
30
30
31
31
45
30
15
46
30
30
46
31
30
29
30
46
30
31
31
31
44
31
30
62
30
31
44
30
32
29
30
46
17
44
30
30
30
78
31
30
29
47
14
46
30
32
31
28
47
30
30
62
46
14
46
30
30
30
46
30
30
30
32
30
30
46
30
31
30
32
46
44
16
30
30
31
31
44
31
31
78
31
31
29
30
32
44
32
30
31
29
47
31
31
31
30
30
31
29
46
31
29
31
31
45
31
29
31
29
77
31
30
31
29
47
15
46
31
29
30
46
30
32
60
46
14
47
30
30
30
30
46
31
30
46
30
30
62
30
30
46
30
30
30
32
31
30
28
46
31
30
78
30
30
29
30
32
46
30
30
30
30
46
30
30
62
31
44
30
30
30
30
31
33
44
30
30
30
30
78
30
30
30
30
32
46
31
30
28
31
46
30
30
62
29
46
30
31
30
31
46
30
30
32
30
46
30
61
31
31
32
31
47
31
31
31
46
30
31
30
33
61
47
31
29
33
31
45
31
29
31
31
31
47
31
61
31
47
31
31
31
47
15
30
47
31
30
31
33
45
33
31
30
46
30
30
31
30
30
30
31
46
31
30
76
16
44
32
30
30
31
46
15
46
30
46
31
30
45
17
28
46
46
30
31
30
30
32
30
46
31
30
30
79
31
30
31
47
31
31
14
63
30
30
47
31
28
33
44
30
30
47
63
47
63
30
46
31
44
62
46
30
30
32
29
30
46
30
31
47
31
15
44
94
1044
30
30
47
14
47
29
30
30
47
30
32
30
60
31
46
30
30
62
30
30
46
31
60
62
77
31
46
29
30
46
30
32
44
32
30
30
45
16
44
31
30
46
30
30
30
32
30
30
45
30
48
30
62
31
46
46
30
30
29
32
31
45
30
30
31
46
14
62
29
32
30
45
30
30
47
62
45
109
46
14
46
30
30
46
31
32
29
30
30
46
46
62
14
47
30
45
31
30
31
46
30
30
30
30
30
30
46
30
30
32
30
30
45
31
30
32
30
46
30
29
63
46
30
30
30
30
33
43
31
30
30
30
29
46
32
15
46
30
29
32
46
31
46
30
30
30
31
30
47
60
30
32
44
32
30
30
30
46
14
47
29
31
30
76
16
46
30
46
16
44
32
30
30
30
46
29
32
60
31
30
46
30
30
31
45
30
30
32
30
31
30
76
32
30
29
46
31
31
31
30
30
30
45
30
32
61
46
30
30
31
29
31
45
30
30
30
30
31
30
46
30
30
30
31
46
30
30
30
45
33
29
30
31
31
78
29
31
29
30
32
45
30
30
31
30
30
46
30
60
46
30
32
30
45
14
31
46
32
29
30
47
30
60
30
47
14
30
46
30
30
30
30
30
47
32
29
62
46
31
31
30
30
46
31
31
30
31
30
46
30
30
31
30
30
30
46
30
30
32
46
30
30
30
31
30
60
47
30
30
32
45
32
30
29
46
16
30
46
30
30
30
31
31
28
47
30
30
32
30
46
29
32
30
31
77
29
32
44
17
45
30
31
30
30
31
46
31
30
31
30
46
30
32
31
30
46
30
29
32
30
46
14
46
62
30
30
46
29
30
31
30
30
46
30
30
32
30
76
31
29
31
33
29
46
30
30
30
46
32
13
46
60
33
47
31
30
30
31
31
46
30
29
30
30
32
76
30
30
31
45
32
30
29
30
30
33
45
30
30
78
30
30
31
30
30
31
31
46
29
31
31
44
31
30
33
30
30
47
28
16
46
30
30
45
30
30
32
29
79
30
31
32
30
30
46
30
30
32
31
45
30
30
77
30
30
30
46
30
30
32
30
30
31
45
29
31
62
30
46
30
30
30
31
31
46
31
28
62
31
30
62
30
46
30
30
30
46
14
46
31
29
32
29
46
31
30
30
32
44
32
29
31
46
31
14
45
15
47
30
61
46
30
31
30
30
45
32
29
30
30
46
31
31
60
30
46
30
17
46
30
30
32
31
45
30
46
14
76
31
31
30
30
46
30
31
31
28
30
46
30
31
30
32
28
46
30
31
31
30
45
30
30
32
31
30
45
62
32
30
30
47
14
45
32
30
30
46
30
16
46
60
30
46
30
32
31
30
46
29
30
32
30
30
46
61
30
30
46
30
30
31
29
32
30
46
30
30
29
32
45
15
31
46
29
32
45
32
31
30
29
47
32
30
60
30
32
46
30
31
30
31
45
30
31
31
46
15
78
31
30
30
46
29
31
31
46
30
