27
36
39
28
29
40
68
30
39
32
30
31
38
36
28
35
36
36
28
34
40
32
28
34
39
33
26
44
32
27
30
44
32
28
35
72
25
36
40
32
28
35
35
36
27
31
39
25
41
70
25
44
26
45
27
39
27
31
28
41
33
35
24
72
30
31
44
31
31
32
38
30
31
42
33
31
28
78
29
31
37
31
25
37
41
30
28
32
42
35
27
62
38
34
29
38
25
39
34
37
27
34
38
32
26
74
34
37
30
33
36
29
35
37
32
25
38
34
26
73
31
30
36
39
37
23
40
38
27
28
39
32
43
58
39
25
31
50
38
38
9
43
62
15
25
47
15
58
45
18
42
31
52
21
51
21
37
10
37
35
34
65
37
38
21
39
34
33
36
31
32
32
34
38
31
30
36
47
20
30
72
15
35
22
27
31
29
36
54
21
83
16
51
20
33
24
84
6
23
21
37
29
33
35
66
44
24
31
30
38
29
27
39
35
34
26
38
32
62
48
22
29
34
40
40
23
30
39
36
31
32
34
67
31
36
35
23
39
38
28
37
32
36
28
31
40
65
30
37
34
33
30
47
27
31
34
29
25
39
31
103
35
31
31
31
39
34
27
40
34
30
38
33
59
35
36
32
29
37
39
30
36
28
34
33
33
34
35
30
32
33
40
26
33
34
41
20
39
34
34
31
35
71
27
35
31
41
21
45
34
25
30
36
36
25
43
69
23
40
38
32
26
43
34
30
29
38
35
29
31
34
36
31
30
37
33
28
40
38
27
29
41
31
32
35
70
24
32
37
39
27
32
43
30
30
32
41
31
28
74
32
34
30
39
29
39
32
28
27
39
33
39
22
73
37
26
39
34
38
28
35
29
30
43
26
34
30
38
32
34
30
39
33
31
34
37
33
32
27
40
35
30
68
33
27
34
41
30
32
33
32
35
27
38
32
36
29
34
34
27
37
39
30
37
32
33
34
24
39
36
30
66
35
39
29
32
34
25
43
38
28
28
33
40
30
62
39
34
33
29
41
27
32
36
37
27
36
31
37
59
39
39
28
34
36
34
33
30
36
25
39
39
31
61
34
34
28
41
33
33
39
25
35
34
27
38
34
67
33
36
24
40
36
34
24
37
40
31
27
33
41
60
39
33
28
36
40
36
23
32
37
42
27
30
38
59
39
31
43
26
34
33
26
40
35
39
21
39
33
62
41
30
35
26
43
34
35
22
35
35
29
32
39
60
38
35
33
30
41
31
37
25
41
28
33
28
43
61
34
33
40
28
36
42
33
29
31
38
32
32
31
71
32
28
45
21
37
33
42
20
42
33
39
20
42
65
27
42
30
38
31
38
29
27
35
36
31
27
36
38
33
27
37
36
32
39
27
32
34
26
41
32
33
28
74
29
32
43
33
30
30
43
29
32
38
31
34
31
72
22
48
29
32
26
38
35
33
29
36
33
35
25
74
33
33
30
36
34
30
41
28
29
30
37
36
36
63
35
25
41
32
38
27
38
32
32
27
37
38
26
72
34
28
36
38
32
31
36
34
32
28
37
38
29
35
32
37
39
22
37
35
26
41
30
35
27
36
36
31
69
35
27
45
30
32
36
29
36
29
34
35
35
31
32
36
33
33
34
33
40
26
31
40
38
23
39
33
33
65
36
36
28
36
38
43
23
33
34
27
35
34
32
68
38
34
26
35
36
35
29
39
33
33
27
39
34
62
39
34
30
29
40
36
35
24
38
32
32
34
33
67
37
32
25
36
45
25
27
40
35
30
34
32
36
33
26
39
36
29
30
38
41
19
35
37
36
27
32
36
65
34
36
35
23
40
33
33
26
38
34
29
33
38
33
26
37
39
34
28
33
40
32
25
38
41
24
31
39
61
34
35
36
28
38
36
34
28
35
34
40
27
34
35
26
39
43
30
23
37
44
27
23
39
32
33
31
39
65
26
41
34
32
31
40
34
28
30
39
36
24
40
69
30
29
39
36
29
35
36
25
37
31
35
28
33
73
27
37
39
31
30
31
40
34
30
33
41
26
35
69
23
46
31
35
26
39
35
30
34
31
38
31
28
72
30
33
39
35
30
38
30
32
30
37
35
33
34
65
35
38
28
39
21
43
26
42
21
37
33
37
28
72
34
28
36
31
37
34
31
33
24
38
33
37
24
79
28
27
36
34
32
54
15
31
55
5
37
36
32
68
40
24
32
37
32
33
38
32
32
33
32
35
33
69
32
26
34
42
31
40
28
31
34
26
36
38
30
66
39
30