33
26
36
38
30
30
35
39
30
32
35
39
32
31
34
39
26
39
33
34
30
39
32
27
35
39
36
67
34
38
23
33
37
36
30
33
38
31
30
34
40
62
37
32
33
31
33
38
29
35
34
35
38
26
35
70
31
34
26
41
31
34
29
41
32
34
34
33
106
8
26
28
32
30
53
20
29
35
36
32
28
45
34
32
29
34
36
37
24
38
38
32
24
40
35
28
30
39
67
32
34
35
30
34
33
41
27
31
35
45
21
35
71
32
34
31
31
31
37
37
28
40
33
32
29
38
68
28
39
32
25
37
39
32
28
34
40
32
31
33
39
38
22
37
35
34
29
34
36
29
34
45
30
30
32
72
29
28
44
31
30
30
41
34
23
34
38
46
16
79
33
26
33
41
22
41
31
33
27
38
39
30
26
98
16
24
39
27
31
36
33
35
31
31
39
31
29
40
39
30
24
34
42
29
29
35
34
31
28
39
37
26
70
37
31
30
37
33
33
28
38
28
36
35
35
26
76
36
29
25
38
34
28
40
34
32
33
37
34
28
71
34
24
34
40
37
27
32
39
31
33
33
36
32
31
38
36
26
31
35
35
31
32
39
30
31
33
34
39
63
32
27
33
39
37
23
43
35
30
27
41
33
33
71
31
29
27
40
35
23
34
40
34
32
28
42
32
60
43
32
25
32
42
44
13
38
38
27
32
37
39
67
27
42
18
39
33
35
27
40
32
42
26
34
34
28
34
36
35
26
41
30
34
28
40
34
34
26
39
36
69
48
15
26
46
31
32
25
34
41
32
27
37
39
34
31
28
41
45
18
38
33
23
36
37
35
32
28
43
60
36
37
31
25
36
41
31
26
38
102
2
2
30
68
34
31
40
20
46
28
33
27
40
32
37
27
37
66
58
14
31
29
33
37
35
25
40
33
34
29
33
41
31
27
35
38
31
30
36
40
29
29
36
35
35
28
78
24
29
38
35
34
32
34
28
32
38
36
27
35
33
35
40
25
37
31
26
41
32
33
29
43
29
25
37
81
28
28
38
32
26
34
42
32
27
34
36
34
30
70
34
27
37
36
24
36
36
35
25
37
34
36
36
70
34
21
34
37
30
44
27
33
27
42
30
36
28
73
43
21
29
39
33
27
40
32
28
35
40
42
19
80
33
22
43
34
31
30
33
37
34
27
38
40
28
68
43
23
33
40
31
25
39
32
38
33
29
38
35
25
43
31
27
38
33
34
27
40
35
32
31
33
36
35
66
36
33
27
41
33
25
36
37
32
28
42
36
30
71
33
30
29
35
37
32
27
45
31
31
36
31
37
67
38
29
25
39
36
37
28
36
36
31
25
39
32
37
36
32
38
29
30
30
36
27
55
18
41
30
31
33
65
36
34
27
34
39
37
26
35
37
32
32
30
39
63
35
37
31
26
53
23
30
31
40
35
26
36
35
68
33
33
37
26
35
35
30
34
37
36
25
39
33
36
36
32
33
34
35
32
36
30
29
38
34
26
35
40
67
27
42
29
27
36
37
36
32
29
39
36
24
37
67
35
35
34
30
36
34
35
29
33
33
37
37
26
73
24
40
41
20
34
40
36
27
43
29
35
25
34
77
28
36
32
36
31
40
31
28
33
42
34
28
33
70
29
36
41
30
25
40
37
32
28
33
44
20
33
39
45
24
29
35
42
35
23
38
37
27
31
36
37
26
67
34
32
37
29
28
35
39
34
40
28
36
31
28
39
39
30
29
36
32
30
34
40
33
26
35
43
30
27
78
32
27
37
36
34
31
32
38
28
40
39
30
25
77
35
31
28
41
35
28
30
56
18
29
34
36
29
69
46
26
31
39
35
26
37
34
31
30
40
28
37
73
30
38
23
37
37
27
39
35
34
27
35
37
33
66
37
33
31
34
37
22
38
43
30
30
37
36
36
79
28
28
30
37
30
41
29
30
33
30
39
35
36
24
43
26
36
27
37
38
33
27
38
40
27
31
35
35
64
40
35
23
32
39
37
25
35
36
37
27
40
33
68
31
37
28
29
41
36
22
39
35
35
31
29
36
71
29
36
32
30
35
33
28
39
33
35
29
38
31
62
44
33
31
29
41
32
37
24
36
33
27
36
37
69
34
29
37
26
45
31
31
26
38
35
33
26
44
30
29
32
35
43
19
34
38
35
34
26
37
38
30
30
79
20
35
32
30
35
34
35
26
39
33
35
28
38
67
29
40
32
32
38
30
33
28
37
40
30
33
31
72
31
27
41
33
26